0
128174.43
152425.4
182655.9
182134.4
201741.0
183086.9
170327.55
175961.0
182433.81
121297.16
194084.84
97489.0
94235.0
148772.0
142918.9
380821.76
259201.67
311004.12
239556.21
456697.0
311011.09
210504.86
176555.49
174261.38
172482.04
201946.5
331641.08
245827.83
211362.08
199109.0
190270.06
97762.49
176131.64
298415.38
307405.4
230695.67
191106.61
155297.22
153821.24
152163.24
173742.33
164469.96
293083.18
228930.3
217359.18
180493.9
217665.98
201124.36
165428.85
153124.0
149714.87
163588.0
155863.35
165018.13
194041.0
165917.24
157071.09
130072.6
226840.16
138306.0
145823.0
161052.5
116006.5
124665.58
125449.65
129644.08
106802.41
128599.0
144212.5
169200.25
124829.77
106200.0
154012.35
116765.54
156565.5
116048.31
77855.81
184565.91
238301.18
118779.0
147638.0
141425.51
210844.62
80526.5
102756.11
122041.86
139463.5
134121.34
112146.93
144037.68
116257.5
140107.52
151447.87
113022.86
170686.5
94785.42
119231.27
91939.5
122201.08
159211.5
159426.74
127205.5
123198.66
162766.22
155914.95
218708.39
81596.61
222379.9
143386.98
132825.18
134438.36
145074.12
236578.14
122960.96
211797.73
218378.7
204333.85
157027.6
143506.13
190897.25
142515.5
128310.0
336357.21
233694.6
139823.6666666667
74589.65
107801.58
154772.5
102859.26
133828.5
103962.74
124879.09
113030.05
150070.44
127446.95
219443.09
174335.0
183791.99
218838.56
195412.06
78480.33
109766.86
99970.55
278808.21
251002.91
169891.27
175312.02
210318.92
195312.45
160031.69
152578.17
171305.6
175287.29
119023.08
87403.0
83252.0
89195.71
129202.0
128143.58
167655.8
136945.23
151926.35
295195.46
211174.28
129918.0
177130.0
191139.5
284845.03
176089.5
335977.01
221263.16
258114.55
169244.29
182462.4
179042.05
163386.73
185352.0
211969.46
180155.0
255276.97
184072.24
225325.4
222990.96
223539.12
184436.34
157979.32
165335.51
142292.34
141675.66
124272.58
124877.5
92602.0
99566.0
153546.0
161845.49
150345.32
154059.0
149492.5
147860.73
145870.5
430702.07
409102.37
367061.0
438860.39
316495.68
333289.03
357050.95
335201.37
303494.01
337437.91
263504.61
473863.11
297355.62
254605.74
186916.72
191020.28
209886.78
450069.72
373192.31
340041.53
261995.31
294133.85
184764.52
169991.44
173501.27
168091.09
165877.86
184595.4
188895.94
184427.1
174957.62
251839.79
168121.84
185240.5
167634.35
260673.93
171766.0
343023.62
340996.06
235359.75
265328.84
266479.13
260600.75
304244.42
235834.71
436655.61
213473.97
215446.05
286937.7
230618.47
262480.99
238401.05
241555.13
222050.46
200617.05
175834.63
166573.24
136129.79
207150.35
260457.75
170504.73
129564.82
160320.7
212933.66
232012.86
186608.0
171771.89
186906.07
163711.81
175812.87
124838.05
133610.83
125367.5342857143
130634.5
132429.6
119300.66
373825.99
217046.33
277253.79
191408.95
171601.11
174135.0
174182.0
316898.14
233704.29
275896.99
217460.9
219630.3
160654.0
151063.24
221615.31
123915.5
148103.95
219774.56
164050.5
127970.58
120720.16
147646.0
172848.74
161990.82
157329.33
176841.55
161384.5
119171.32
166548.3
171780.0
207213.05
139716.0
169849.77
140761.1666666667
139577.59
144368.0
143696.01
138061.39
134172.1666666667
125658.74
116818.0
129455.25
128540.02
176995.88
135408.0
104119.41
133480.54
95797.31
116183.59
159967.35
167823.9
61430.87
99145.16
87145.3
174937.0
154528.5
139087.68
142994.16
142658.0
130876.48
117668.85
122486.43
117042.5
132119.11
129468.85
156850.5
153472.0
140119.3
133152.5
111721.83
141709.8
122393.8
126316.04
149517.62
120983.0
111610.57
123590.5
99395.68
65417.25
104169.52
122645.0
137984.61
114917.08
79174.11
122859.87
147191.19
55858.43
133255.35
136641.5
101802.11
107869.99
138951.02
111800.36
142621.87
171379.34
118299.0
150131.5
130408.0
187576.87
132534.89
103276.42
133219.92
93274.97
172170.82
155505.83
98244.01
143840.33
139909.86
144966.55
153446.5
158656.11
67152.56
134134.63
127667.09
150760.68
128594.3
137545.0
171314.0
150370.0
217118.21
185627.54
160543.1
146824.09
152636.34
146824.09
282631.74
279516.74
279516.74
328113.02
327325.31
244056.57
302415.05
196437.61
256323.25
243003.95
171487.22
229784.49
139424.0
208294.78
195358.4
209862.87
212892.42
135299.7
137114.1
232511.92
258434.15
197883.1
221551.81
262350.43
296215.29
201188.75
280683.69
164477.3
140807.12
144281.43
113389.34
136258.25
134094.6
148295.34
124996.0
118200.17
107282.12
131621.5
138100.52
175293.5
130999.63
224709.34
142162.75
176127.5
158174.58
197868.5
115339.93
128834.66
123440.66
192856.34
273529.9
145560.04
73331.54
328600.78
67024.49
254403.48
135476.1666666667
157664.21
170967.1
390392.59
327029.79
204757.1
247062.72
223716.86
381087.62
139213.33
162903.72
128527.33
137251.83
139545.96666666667
137242.39
173488.64
182745.82
175920.78
192152.5
180627.64
172336.07
251889.01
202904.91
177772.05
191709.4
200350.96
314770.5
372963.53
165769.9
320484.23
169182.15
249303.42
180317.26
274888.98
246837.61
162966.12
206257.8
130667.04
272483.1
173289.92
318211.25
146522.07
118412.98
120893.16
92881.0
105365.5
114905.83
148576.0
157619.37
291044.31
386801.76
379678.91
420221.45
407261.3
365061.29
264227.64
313823.28
441647.88
276525.91
342918.07
342888.76
342630.8
193708.22
343343.0
240595.15
225173.86
170161.99
202655.78
209906.63
185733.01
177695.2
187740.93
220847.26
213510.13
216451.86
172946.54
248712.94
183752.75
260314.55
326814.1
351998.85
244696.06
308969.48
250638.81
233063.68
253628.77
274997.7
235219.03
226132.71
253480.04
210692.56
190553.0
192740.8
143021.78
180388.62
180722.17
189216.0
196240.86
194436.85
207012.0
127345.25
133898.8742857143
121273.09
117285.66
184750.5
155656.6
220405.36
375932.33
181915.17
150533.01
154866.92
174071.33
284942.74
263400.09
277997.99
278971.78
165266.4
208967.7
185120.35
197741.68
334023.81
216607.52
402657.62
279321.71
204015.4
170668.5
167826.5
232684.58
136126.6
159623.49
133725.6
138657.15
174554.65
107527.26
143589.0
143927.25
89983.99
150777.5
134722.87
128923.33
215492.65
122864.2
155648.5
171978.0
138667.25
116462.07
138783.9
121773.37
167314.87
135975.0
143671.44
89374.42
112960.02
95316.97
145006.79
137030.0
182380.93
146216.83
123004.18
151570.0
128937.96
134482.0
116355.8
119279.0
138612.24
151473.34
111743.56
132351.5
129169.63
122741.58
107516.03
87752.41
135205.12
129035.2
140232.0
140013.21
136073.2
152179.11
89371.81
99865.08
147893.5
57600.94
123205.8
120853.87
143701.5
102765.05
133080.87
128562.0
83977.11
265741.38
121338.21
122850.37
124125.31
151602.64
138103.46
121592.0
109104.62
148292.0
112668.48
140729.68
120778.5
107727.01
116271.26
114974.23
102330.8
92059.26
188922.89
133821.37
162550.75
152246.87
127711.74
102769.3
145224.93
158287.37
113871.03
111628.91
121959.03
105673.23
88300.0
116269.71
137792.5
150282.5
135462.0
139208.86
136453.25
142454.59
115341.52
135587.58
144952.16
163474.55
125387.93
135556.0
236034.89
130493.75
173423.36
155169.0
114035.53
131104.56
219088.84
246746.08
229027.76
206994.5
176712.68
255296.77
433091.19
334262.15
263630.46
174306.2
145700.37
209571.07
207873.5
194034.25
221300.34
147916.33
143773.51
166658.63
245271.7
316962.18
322426.9
261500.96
224330.23
146329.25
188364.02
189911.21
224293.34
195919.57
141121.0
134898.93
145363.98
149540.5
152822.29
211688.27
108949.73
112673.93
98831.04
93731.0
106251.0
112248.08
119626.72
112723.0
154624.71
167781.78
131574.26
130111.62
189540.56
156396.0
174749.11
120483.0
138395.5
241676.8
229738.9
201769.92
120626.96
113642.58
111291.88
103366.54
143594.0
103315.59
147551.84
78036.67
88412.02
73930.26
86626.89
329217.53
256878.9
265069.89
219978.13
156010.05
189175.74
197372.57
275621.08
248537.21
159566.29
211533.05
178230.0
176497.41
257015.9
198997.5
281284.45
352026.88
203586.76
125012.71
166945.45
155552.53
134751.6
134020.34
98802.6
92919.0
143204.46
105857.04
124843.0
128366.6
137313.5
131089.97
177650.55
156572.32
178998.65
197708.88
180009.34
201988.08
175462.78
179938.4
157361.0
186254.56
214142.12
321162.48
440103.89
173125.0
295120.55
351705.53
374500.54
167505.86
182362.6
249614.4
206365.73
166110.32
174321.22
171994.05
168944.4
186907.5
159820.75
122486.18
118656.32
177333.73
177196.86
97083.0
109105.08
150605.25
127419.99
335010.34
270930.48
386246.35
409651.71
305795.86
396214.27
437428.92
383759.66
442747.4
296116.34
297127.23
313727.92
380899.22
310894.68
270246.45
228129.18
250917.53
250001.43
179378.56
180829.61
187237.06
220929.4
283131.7
228503.55
193110.21
176248.11
173508.72
178544.21
170660.22
184979.09
179250.85
173957.62
174333.35
179651.64
254436.62
168210.03
179677.15
165182.11
219283.2
164428.5
217101.35
218493.63
183390.0
177923.9
359349.8
419008.73
310730.7
257013.0
252628.33
338554.66
207378.56
286350.05
227786.73
378333.07
224264.3
243000.58
221317.46
238411.52
243520.41
223138.13
205709.35
231214.68
164784.69
270601.28
244917.57
246994.8
205980.78
125406.1
153094.32
152328.24
201563.06
194138.9
122143.01
120380.39
136675.6
264715.18
142532.1
148161.17333333334
226246.18
195158.51
226945.21
204160.29
225001.42
173584.3
173928.22
181383.68
262542.64
297132.69
250348.9
256338.26
343982.87
140394.5
204738.5
143479.06
159582.25
181879.69
213678.13
232874.6
156512.5
140018.75
137341.75
124238.55
131156.63
143085.0
132632.0
114303.15
161333.81
144879.0
203016.9
152110.5
197279.0
122747.93
68897.26
62764.12
117364.58
138199.55
133288.0
148856.09
159573.5
134123.7
127538.99
137206.1
133866.5
165036.5
125279.33
155205.0
140889.75
142494.3
128708.75
127616.29
129766.51
122693.58
130532.0
127362.83
145504.5
121377.78
135482.5
154463.36
183836.96
128814.75
141243.48
172376.53
115219.82
129156.0
116311.83
134850.5
144090.0
146934.12
151776.37
109298.23
108955.79
122383.49
112037.57
119733.56
106589.45
104243.94
114520.57
122306.83
88877.04
133174.87
226125.46
148750.93
114007.0
149630.5
123427.41
218844.73
100985.77
130176.62
106304.01
137724.84
120440.89
109929.04
109617.28
137599.27
118996.54
133383.0
119275.27
158600.37
130612.51
118616.1
150030.14
99823.57
95990.55
181944.34
208154.7
163216.98
125202.71
110886.5
218285.55
111995.24
132269.93
163983.5
116931.21
142518.0
120610.0
135417.8
115976.09
122692.0
124329.41
155020.75
190015.54
147954.05
145490.75
157300.5
94528.52
181783.22
141054.3
170987.4
112952.62
222759.39
144178.25
116566.74
102200.45
133999.23
137423.25
146550.5
104682.61
190773.2
217688.45
263481.53
328646.17
261852.66
221651.83
231041.04
188309.12
213296.31
223834.8
237541.35
150345.5
159861.3
137550.0
144211.25
228725.49
209226.03
194418.99
223846.07
132543.5
145303.0
147798.0
142657.59
115193.76
127009.1
135644.7
120048.86
242122.5
231087.51
199082.15
240547.78
314962.47
227428.7
232215.31
188054.65
189592.26
174488.27
182904.68
164484.8
130120.58
137520.39
125259.67
146386.5
140425.57
166928.6
161842.36
385857.8
142111.69
121163.34
108395.34
129900.15
108598.08
106637.9
118623.1
155269.0
138415.74
133636.0
132018.0
133724.43
150222.66
170124.5
134527.72
146783.11
135966.0
193663.94
193952.0
118356.86
175860.65
189322.52
241607.3
306531.24
124100.04
132842.55
155690.0
95950.01
79313.66
138821.96
133600.96
117580.43
291741.93
160125.73
178411.85
210204.0
211267.28
149151.0
143898.37
233045.34
216171.71
228401.3
251878.69
175708.26
207665.85
336520.74
180235.72
270750.46
321242.65
163921.4
130588.65
85806.0
90163.5
84581.0
85945.82
144865.0
175070.01
202958.5
169196.65
117548.0
162135.24
157799.5
127023.0
123661.18
151123.0
139756.25
171660.84
181908.74
232940.87
188763.5
181497.27
186607.75
256320.23
280032.9
315958.23
165224.08
182550.5
414894.97
537086.13
347353.06
439208.42
398412.57
320908.34
379805.45
150374.0
197307.4
164576.45
260794.84
180107.9
154440.5
109563.69
191746.82
109715.92
125044.0
95793.0
92229.0
100539.0
137942.16666666666
142759.94
156263.73
148272.82
450396.23
257368.18
240377.94
374594.79
323877.09
335511.1
269559.57
298640.44
317379.67
345497.64
350445.26
284060.07
278857.58
316795.89
287672.42
168381.69
178217.28
176122.32
290263.3
179614.02
180373.56
208181.19
206788.52
165073.48
186329.03
201032.4
267234.05
287297.5
270804.34
421093.19
330754.99
524647.76
312438.5
341065.85
270804.17
320406.24
228965.71
217210.34
462081.61
189511.07
131191.25
195620.98
127677.07
190654.23
187497.02
195422.6
200992.5
177092.32
168334.69
151435.42
118995.59
152010.95
141508.0
129065.83
117698.58
122470.29
135920.5
115012.93
126469.58
271734.16
363501.98
168208.45
151104.64
170872.65
164840.24
184729.45
234345.54
158551.37
163922.49
142606.0
166865.58
144535.5
129700.5
135704.75
149619.5
158982.5
168633.0
154791.88
145609.5
115158.5
115113.72
165570.82
145330.85
131981.5
141093.98
123296.58
134833.4
158950.0
131994.25
147589.75
153815.4
149977.34
147580.75
137799.5
134497.75
157452.9
127347.84
134353.25
135210.53
129139.0
224604.1
154486.4
202451.02
126446.5
100855.79
80268.23
89859.3
160674.0
141492.75
148777.87
147376.5
187138.5
169388.0
285324.1
141993.35
99510.1
130997.5
124430.91
153814.92
121332.0
123591.0
141045.0
139427.34
137520.94
143468.72
148135.0
120765.5
119185.97
108342.24
102746.36
98432.71
107466.08
128689.1
142155.87
77792.33
118981.08
90312.32
228990.89
98637.99
116646.36
80322.6
163104.49
105651.62
116109.88
103889.39
190085.09
133279.61
122787.79
78018.48
114384.58
137212.0
155731.49
163349.7
95985.04
90484.11
157458.31
149714.5
132982.0
137328.0
161446.14
145961.57
153854.54
162721.34
105960.8
247552.49
132282.61
132879.5
179123.01
134251.58
104360.26
197286.9
235825.8
168921.14
166721.7
131933.93
143854.87
211131.73
176862.07
233348.13
192115.83
216858.42
277572.02
220345.25
218262.68
192130.85
166874.99
147599.5
182264.85
193949.28
206354.0
220330.33
153759.97
158260.73
124053.0
215697.4
202379.8
225578.94
212684.3
280233.55
240064.5
225717.36
229418.69
140051.38095238095
195728.6
212429.08
189443.58
196966.67
142454.91
130297.0
127969.37
193800.4
120532.16
261070.27
142327.26
133267.4
98509.44
114090.32
130614.06
165671.2
103067.5
65319.77
107449.43
143278.55
115038.91
159419.57
144624.23
164442.65
142302.3
108637.46
154295.79
170208.0
165443.8
179777.39
185291.7
199707.0
105249.43
124621.02
61410.05
91596.98
137908.5
61744.15
111874.9
63517.15
310523.24
280270.92
197192.9
156039.15
227974.5
160534.32
190962.68
186424.8
335879.7
360122.68
130572.78
199363.84
117259.75
129013.5
144811.0
82776.5
86130.0
160454.5
90464.5
83984.0
84280.0
85713.71
158887.58
112884.5
228605.16
